940,704 => 1
283,15 => 1
551,990 => 1
720,475 => 1
506,951 => 1
142,656 => 1
420,413 => 1
296,907 => 1
73,923 => 1
570,451 => 1
661,864 => 1
150,95 => 1
368,124 => 1
866,345 => 1
321,978 => 1
541,670 => 1
676,890 => 1
869,346 => 1
20,843 => 1
182,499 => 1
429,252 => 1
683,21 => 1
923,843 => 1
747,672 => 1
860,300 => 1
349,761 => 1
337,558 => 1
326,699 => 1
743,311 => 1
113,814 => 1
477,263 => 1
509,895 => 1
777,29 => 1
61,154 => 1
255,79 => 1
929,964 => 1
90,580 => 1
912,456 => 1
735,556 => 1
118,126 => 1
836,119 => 1
32,776 => 1
494,826 => 1
814,533 => 1
261,517 => 1
230,244 => 1
808,151 => 1
393,310 => 1
577,102 => 1
392,332 => 1
729,418 => 1
372,303 => 1
852,485 => 1
747,57 => 1
793,819 => 1
628,803 => 1
235,391 => 1
418,446 => 1
742,133 => 1
655,121 => 1
902,600 => 1
802,499 => 1
529,934 => 1
963,761 => 1
621,94 => 1
240,33 => 1
451,671 => 1
388,599 => 1
410,978 => 1
796,819 => 1
368,965 => 1
233,529 => 1
829,708 => 1
273,529 => 1
219,629 => 1
824,876 => 1
911,896 => 1
171,857 => 1
391,675 => 1
420,86 => 1
720,740 => 1
413,262 => 1
804,380 => 1
896,174 => 1
363,774 => 1
377,280 => 1
591,985 => 1
799,313 => 1
545,224 => 1
325,16 => 1
743,438 => 1
431,619 => 1
678,941 => 1
813,895 => 1
952,141 => 1
269,660 => 1
210,126 => 1
442,552 => 1
372,96 => 1
635,856 => 1
623,118 => 1
591,355 => 1
308,510 => 1
967,645 => 1
149,328 => 1
479,96 => 1
282,482 => 1
708,531 => 1
146,88 => 1
356,355 => 1
922,510 => 1
873,863 => 1
941,241 => 1
294,830 => 1
868,407 => 1
659,336 => 1
22,459 => 1
470,649 => 1
696,340 => 1
752,877 => 1
313,355 => 1
950,698 => 1
310,340 => 1
811,568 => 1
976,956 => 1
233,182 => 1
691,155 => 1
622,788 => 1
204,38 => 1
812,804 => 1
55,624 => 1
408,571 => 1
433,412 => 1
260,909 => 1
445,758 => 1
356,293 => 1
282,710 => 1
138,871 => 1
411,673 => 1
885,605 => 1
644,379 => 1
163,778 => 1
116,903 => 1
435,414 => 1
371,619 => 1
127,864 => 1
375,239 => 1
648,66 => 1
148,597 => 1
854,956 => 1
763,700 => 1
723,869 => 1
286,464 => 1
431,957 => 1
158,355 => 1
591,455 => 1
101,713 => 1
588,700 => 1
208,250 => 1
955,409 => 1
136,748 => 1
458,865 => 1
383,288 => 1
695,104 => 1
95,968 => 1
626,657 => 1
953,759 => 1
632,232 => 1
417,37 => 1
485,264 => 1
301,390 => 1
653,57 => 1
791,823 => 1
12,841 => 1
975,494 => 1
712,964 => 1
80,901 => 1
548,738 => 1
174,932 => 1
416,351 => 1
798,566 => 1
861,937 => 1
429,737 => 1
883,574 => 1
245,963 => 1
874,233 => 1
269,274 => 1
962,544 => 1
183,710 => 1
222,733 => 1
836,248 => 1
929,346 => 1
108,244 => 1
44,248 => 1
731,431 => 1
689,283 => 1
696,298 => 1
344,65 => 1
159,826 => 1
272,174 => 1
583,353 => 1
816,645 => 1
786,443 => 1
90,752 => 1
312,987 => 1
742,449 => 1
512,78 => 1
244,986 => 1
679,102 => 1
399,877 => 1
191,160 => 1
189,618 => 1
626,794 => 1
953,506 => 1
180,443 => 1
274,212 => 1
512,262 => 1
581,870 => 1
571,848 => 1
768,522 => 1
942,654 => 1
375,908 => 1
977,978 => 1
754,281 => 1
626,758 => 1
788,334 => 1
599,400 => 1
320,56 => 1
170,526 => 1
77,122 => 1
713,94 => 1
915,878 => 1
673,310 => 1
960,526 => 1
714,172 => 1
810,263 => 1
268,784 => 1
427,765 => 1
277,208 => 1
518,982 => 1
284,842 => 1
551,244 => 1
243,756 => 1
652,528 => 1
420,670 => 1
81,196 => 1
585,875 => 1
947,142 => 1
528,682 => 1
450,431 => 1
384,711 => 1
829,313 => 1
919,445 => 1
485,157 => 1
583,308 => 1
925,85 => 1
401,22 => 1
856,917 => 1
331,396 => 1
822,597 => 1
535,407 => 1
897,988 => 1
245,757 => 1
714,501 => 1
235,468 => 1
69,879 => 1
377,47 => 1
436,732 => 1
276,235 => 1
943,881 => 1
13,768 => 1
917,491 => 1
819,851 => 1
924,458 => 1
48,301 => 1
519,731 => 1
575,615 => 1
681,764 => 1
43,405 => 1
785,673 => 1
242,430 => 1
64,898 => 1
469,378 => 1
440,251 => 1
27,285 => 1
525,907 => 1
890,888 => 1
642,889 => 1
706,284 => 1
626,47 => 1
412,185 => 1
413,494 => 1
865,821 => 1
534,215 => 1
692,287 => 1
956,589 => 1
775,514 => 1
162,519 => 1
965,834 => 1
892,709 => 1
803,47 => 1
28,931 => 1
434,827 => 1
151,686 => 1
483,771 => 1
830,559 => 1
859,139 => 1
822,720 => 1
565,758 => 1
240,983 => 1
27,979 => 1
148,775 => 1
958,228 => 1
972,496 => 1
657,551 => 1
404,901 => 1
849,163 => 1
365,469 => 1
12,70 => 1
18,568 => 1
51,870 => 1
81,523 => 1
776,519 => 1
265,475 => 1
516,639 => 1
766,664 => 1
521,13 => 1
818,554 => 1
305,274 => 1
601,330 => 1
412,797 => 1
10,579 => 1
66,432 => 1
571,324 => 1
591,848 => 1
533,327 => 1
589,319 => 1
611,609 => 1
0
